version https://git-lfs.github.com/spec/v1
oid sha256:7e4781c403145f270db809d5da8492a5a986f70d568a5da6b13f5fceb5b9aa4d
size 2883
